3351058
2912903
3362116
3192975
3419172
3440873
2952676
3291021
3313748
3430411
3367679
3195778
2914720
2970317
3367541
3176515
3147770
2958750
3419440
3317655
3362118
2855148
3280746
3147753
3281266
3222253
2952677
2622407
2945482
2266228
2493478
3191783
3247973
3360302
3429969
3249221
2965754
3030773
3299985
3361246
2952625
3003451
2166479
3505789
2432672
3244700
3009478
3014958
2166773
3208170
3143483
2615773
3323385
2952628
2904466
2964016
2914721
2881386
2853266
2462744
3248358
3185605
2912905
3047277
3208159
2912911
3019668
3428906
3308065
3177918
3108372
3263851
3281127
3013748
3312778
3286867
3021812
3281125
2958708
3309484
3009474
2951026
3185604
2615846
2266225
2952675
3245587
3251007
2172127
3452104
3193974
2952462
3067807
3191649
2405757
2951001
2727405
3330308
3281216
3000466
3249225
3362154
2912878
3196677
3385279
2951078
1197389
2952627
3009428
3092481
2166673
2875045
3351201
3440872
3323381
3170788
2952466
3419585
2951061
2951077
2166680
3272528
3299956
3245583
3290980
3352755
3016989
3105862
2889153
3384949
3281187
3147769
3105858
2958670
2952416
3249548
3249265
3194943
3147758
3418025
3182713
2432680
3290757
2588788
3249264
2945441
571218
3046143
3309101
1490264
2727952
3316306
2725223
3033525
3085859
2600353
3291965
3170508
3330309
2951008
3247981
3247615
2166953
3191648
2887978
3493148
3435869
1995449
3227774
3357922
1361028
3067810
3191864
2951007
3429970
3191802
3037405
2166954
3071314
1361026
2173963
2251872
3147763
3418105
3281126
3009427
3330306
3016981
3366487
2421309
2949414
3275800
3291959
2166951
2854809
3389219
3261715
2952450
3046652
2951004
3385068
3245588
2167179
2951112
3147762
3329750
2405144
3289343
3176514
3081948
571215
3170526
3366660
3355582
3419174
3419219
3249355
3362023
2970328
3192949
3440219
3067821
3191780
2407855
2945427
3208163
3316305
2721103
3317665
3202747
2405386
3281118
3249266
2462673
3249212
3306269
2166849
2953729
3251859
3057254
3124726
2405124
3324902
1434029
3117600
3384942
3081944
2952459
3172540
2853272
2727404
2958742
2166671
3139581
3147755
2964014
3454469
3257586
3274665
3352747
3496845
3247978
2727403
3242245
3192942
3245581
3085909
2951064
3105425
2405069
2539546
2854805
3249289
3419441
2853270
3085810
3351368
2503000
3281119
3147771
2912926
3366515
3085709
2958709
2407854
3275586
3249308
2879142
2727402
3290627
2166674
3351309
3331844
3218810
2885089
3351343
3330310
3182382
3318744
2341561
3367609
3322240
2912904
3281129
2912873
3320701
2951029
3081946
3169410
2975803
3160057
3165400
2164726
3249780
2881388
3147760
2118309
3105874
2930229
3281111
2912870
2432456
3191865
3098104
2853245
3384950
3429167
2462512
3435870
3249708
2263748
3195801
3377647
2951065
2600344
3247974
3198283
2166477
3323364
3331843
2563018
2266229
2881487
3057263
2405118
3312774
3194944
3176513
2952587
2727951
3251041
3281128
3138168
3362117
3105863
3170489
3151348
3208168
3227775
3397844
2971829
3331952
3107469
2833548
3342679
3215185
3440254
3281201
3362153
3358568
3311250
3105861
3192970
3198217
2952678
3227781
2881488
3183778
3247529
2912925
3078303
571213
3367625
3324046
3385284
3139580
3249222
2855122
3208153
3397843
3147759
963712
1196408
2951005
3249307
3191828
3317345
3351322
3272519
3009504
3249586
3296862
2166952
3173201
1970414
3208155
3176520
1196409
3303328
2912888
3245540
2725878
3067820
3165419
2633589
3385285
2166679
2405150
3275571
3389215
3353744
3170307
3249073
3423088
3249477
3418114
3419223
3352607
3170787
2884808
2725880
2952447
2951062
3208165
3177586
2670800
3416881
3429949
3352754
2881387
2118286
2890729
2366255
3249509
3293742
3245554
2912927
3105875
3194950
2951002
3253949
3183770
3195781
3199770
1261769
3172605
2405070
2951086
3316310
2727953
2118319
3429080
3367680
963710
3452147
3027114
2912874
3352757
2903021
3355773
3331849
3249511
3085845
2952585
3140707
3191803
3174026
3419173
3247977
2912924
2166681
3369420
3452080
3444888
3286844
2912887
2407856
2952415
3429118
3030820
3418401
3085858
2876981
3272520
3290528
3085710
3085708
3377648
3195780
3082468
3192969
2912879
2405153
3105881
2958680
3323382
3208944
3248220
3192863
2912928
3170529
3366508
3192865
3290609
3191623
3272544
3027113
2952589
1147279
2166675
3147766
2863982
3245553
2432678
3000467
2162758
3397840
3418103
2912886
3227782
3312745
3372852
3419373
2166158
3351347
3362115
3316308
2371081
3221761
