2405069
3331827
3389218
3316306
3227775
2903018
3227774
3493148
3067809
3291021
3375418
3354244
3274671
3316305
3274677
2954704
2888153
3067870
2957241
3033525
3329750
2964828
3274678
3067868
3274667
3375417
2407856
3286867
3387046
2890729
3275802
2432672
2432680
3316308
3389214
3227782
2867143
3275801
2957242
3177585
2889153
2881487
3274686
3227780
2950606
2671710
3329856
2258251
3419373
2867144
2172127
2976410
2405385
3375416
3275800
3227781
2912927
3286844
2432456
2405153
3067820
3274685
2405144
3397318
3291959
2563018
3389206
2405152
3397323
3389205
2432678
2405386
2957240
2903017
3389219
3291965
2405070
3389211
3177586
3170529
2405069
3249480
3419173
3331827
3105882
3139580
2727952
3009427
2166673
3372852
3312774
3397840
2493478
3257586
3030776
3251041
3353744
2951005
3249509
2951029
3281265
3418083
3249477
3000467
3505789
3389218
2951086
3331843
3183770
2952416
2912874
2548181
3303329
3192949
3316306
2166680
3227775
3281119
3249511
3384942
3147758
3098104
2912886
3306269
2912911
3419219
3092504
3172605
3367625
3362118
2951007
3143484
3191803
2405150
3215185
3429969
3195801
2600344
3182382
3105874
3418104
3208163
3085709
3160057
3384950
3452104
3290627
3085845
3351322
3429971
3151348
3185604
3249548
2162758
3227774
2951004
2600353
3528262
2912879
3366508
3247615
3493148
3067809
3312778
2462673
3291021
3352754
3249265
571218
3013748
3249264
3177918
3169410
3290980
3351347
3275571
3429970
3196677
3418025
3192969
3245667
2952415
3281118
2958670
3367679
2166676
3444888
3452080
3362153
3385284
3440873
3227826
2118309
2952675
3245581
3105858
3183778
2727405
3419585
3192970
3362116
3428906
3192863
2366255
3385068
3281128
3275586
2914720
2365317
3191780
3191828
3249212
3176514
3027112
3397843
3351058
3316305
3293741
3281223
2951065
3105875
2951002
2952678
3245587
3419172
3067807
2958708
3185843
3191860
3429167
3191864
2952625
3176515
3320701
2952450
3281129
2913916
1196408
2671672
2588788
3289343
3280746
3170787
3269972
2952459
3358568
3251859
3014958
3249308
2727402
2951064
2166674
3352755
3170508
2166953
2945427
2173963
2912840
3033525
2725223
2833548
3418103
3172540
2951008
3193974
3182713
3303328
3202747
2853244
3274665
3351201
3067821
2949414
3249073
3330303
3416881
3316310
3324902
3208159
3329750
3281125
3139581
2266228
3027113
3009428
3019668
2970317
3366515
2854809
2951062
2951112
3330310
2615773
3351309
3185605
3331842
3195780
3249780
3192942
3147753
3317665
3318744
2462512
3281201
2407856
3286867
3016981
3317412
2890729
3312745
2854805
3147766
3249586
2166679
2885089
2727404
1147279
3192865
2881388
2952677
3360302
3174026
3169452
3170526
3117600
3147769
2945441
2945482
2432672
3290757
3352747
3249225
2952627
2952516
3147762
2722612
2432680
2164728
3208153
2863982
2975803
2251872
3316308
3016989
1361026
3299985
3078303
3323381
3165400
2881387
2855122
3037405
3247973
3249307
3046652
2951061
1197389
2875045
3085909
3105861
3104628
2166671
2405124
2118303
3009474
3247978
3249266
3281266
2952624
3361246
2953729
2670800
3081946
2951026
3389214
3227782
3351343
3194950
3454469
3247974
3419174
3377648
3046143
3430411
3418401
3331849
3323382
3249289
3245588
1490264
2725878
2853272
3191649
3351368
3177585
2407855
2266229
3372855
2889153
2881487
3385285
2951101
2166158
3147759
2970328
2863568
3281126
3245540
3429080
1196409
1970414
2422553
2884808
3191865
3194944
3272547
2407854
3423088
2633589
3192951
3272520
2118355
3027114
3323385
3249222
3227780
3081944
3057263
3170307
3170554
2876981
2904466
2965754
3296862
3071314
3440219
3324046
3191648
2166478
2671710
3293742
3389215
2853266
2958680
3263851
3452149
3247977
3366480
3281127
3385279
3418105
3290609
3249221
2912926
3281187
3419373
3367541
2166786
3147760
2952462
3330309
2855148
2867144
3355582
3355773
3352607
2166681
2166952
2164726
3317345
3369359
2172127
3105425
2727953
2930229
3362023
3191623
2503000
2405757
2539546
3272544
2166677
3322240
2952628
2952676
2405385
2912878
3105881
3047277
3085843
2951078
3429949
3325345
3081948
3249309
3362115
2912870
3176520
3496845
3247980
3196676
3030820
3352757
3309484
3272519
3253949
3272528
3208170
2952587
1970405
3191802
3367609
3435869
3275800
3362154
3085809
3290528
1434029
3428925
2951077
2263748
3222253
3140707
3299956
3108372
3311250
3195781
3452147
3344417
2881386
3085708
2952447
2118319
3227781
2952466
2912927
2964014
2539585
3208944
3173359
2952585
3245553
3317655
3245554
3170788
3198216
3435870
3286844
3444877
2912903
3249355
3030773
2725880
2166849
3370279
3419440
3498060
3397844
2912924
2727951
3221761
2721103
2912887
2912841
2432456
2405153
3067820
3085859
2405125
3195778
3165419
2912871
3085856
2365316
3208165
2622407
2912928
2405144
3208168
2166773
2167179
3384949
3147755
3281216
3497885
2879142
3245583
3105863
2912873
3320700
3057254
3170489
3291959
3330306
3000466
2118286
3249708
3369420
3147763
3330308
3085810
3037379
3138168
2912904
3342679
3323364
3242245
3105324
2563018
2912872
3067810
2421309
2853245
3247529
2166479
2371081
3085710
3003451
3362117
2912925
2912888
3419223
2166951
3194943
3419628
3366487
3331844
3105862
3418114
2405118
3429118
3440254
2971829
3309101
2958742
3244700
3198217
2166477
2166675
2432678
2727403
3191800
3143483
3331952
3366660
3218810
2166954
2405386
3198283
2958750
2462744
3092481
3372853
3248220
2615846
2266225
3085858
3308065
3514545
2903021
3124726
3208155
2952589
1995449
3377647
3261715
3389219
2796771
3291965
3440872
2405070
3251007
3248358
3009478
2914721
2964016
3177586
3249263
2853270
2912905
3170507
3199769
3367680
3009504
2951001
3176513
