2405069
3331827
3389218
3316306
3227775
2903018
3227774
3493148
3067809
3291021
3375418
3354244
3274671
3316305
3274677
2954704
2888153
3067870
2957241
3033525
3329750
2964828
3274678
3067868
3274667
3375417
2407856
3286867
3387046
2890729
3275802
2432672
2432680
3316308
3389214
3227782
2867143
3275801
2957242
3177585
2889153
2881487
3274686
3227780
2950606
2671710
3329856
2258251
3419373
2867144
2172127
2976410
2405385
3375416
3275800
3227781
2912927
3286844
2432456
2405153
3067820
3274685
2405144
3397318
3291959
2563018
3389206
2405152
3397323
3389205
2432678
2405386
2957240
2903017
3389219
3291965
2405070
3389211
3177586
